-w
1
0
12927
20609
11871
13318
12413
4418
12582
31950
520
15157
28878
14743
15280
5245
20347
26178
17114
8630
24810
8934
25946
12086
24233
10027
3908
32658
11400
1267
4862
17252
331
32320
14234
15948
1953
29266
355
15669
2906
9743
26806
16858
1748
27560
29460
1928
9398
28026
25204
17701
2529
8242
28382
20593
31652
8245
15925
1676
13871
32319
3669
7609
1867
16201
17758
17505
328
5041
23630
12635
23094
2453
22486
2410
19288
15999
17254
15879
1237
21576
25227
18785
2481
11574
3194
27555
2044
13160
26093
19829
329
12148
27949
11205
22370
29262
3184
28871
4410
22124
9830
24122
27683
23591
20751
11502
3393
25957
13007
17795
26431
21621
13764
30323
10304
4666
1367
19283
17433
16268
2577
26965
28349
5595
22449
5394
6904
15125
16763
17798
20833
3274
2258
26716
29578
9871
23049
15212
16249
10144
2935
24451
10076
31689
21193
2146
20856
11142
25756
28169
21603
30569
12876
25397
883
17084
14854
13607
24438
4456
7461
14503
32675
7445
28859
10313
1745
17811
31853
14319
30951
24696
23429
399
1172
11275
13378
12086
5440
26977
31090
1613
16706
25030
27203
14364
26707
23391
17495
7052
5698
16653
23574
13361
32234
403
3912
10887
8290
27132
17891
6524
29811
32567
29985
21807
8783
6917
22742
3832
10111
20501
22273
31400
30494
22892
16801
22802
27205
6411
27338
3018
5318
27084
16119
5676
21021
18574
22946
12192
7843
6289
18450
19229
4357
1827
28277
14316
2037
21117
17198
16303
24607
30696
21616
26017
18015
3364
19468
11039
31281
18697
25991
32104
5225
32623
2672
12449
9764
5196
2288
11292
17406
10780
6307
11225
20869
3974
8614
15181
8430
12348
31218
19811
15111
3363
3304
5569
25453
32692
8492
1868
11519
19618
12471
7150
12946
18876
1832
18839
18407
6934
6747
18561
14042
19299
20797
3769
23771
17318
11487
9435
15522
26122
1993
14364
22559
20493
24464
3470
26288
2020
23723
15008
15255
6427
3202
18148
28843
25725
456
6934
10573
10035
20235
24921
414
32048
3977
15043
32240
25292
29254
28188
3706
31150
31579
29667
31567
5360
28561
914
19601
20606
7726
1572
737
14271
32015
4563
13339
16248
19191
21286
24640
5869
11303
1835
4788
5193
29999
27393
9130
16447
6147
17562
11740
17650
26449
26815
3199
17426
9234
25173
30070
22600
2400
7902
966
17877
19079
17475
17994
7798
14174
5072
9896
23690
31448
32384
15491
14710
10198
20091
24818
17225
2111
2525
5681
30108
25171
29369
6039
22973
10300
18526
9672
29196
17894
11736
25388
29860
273
22970
21664
6462
8101
29467
23147
32339
18501
16351
13683
27009
20774
2104
27825
26416
28962
21355
9954
3445
1800
25048
19583
26167
27447
2101
1520
17552
32619
20506
27133
2421
28886
450
28805
7066
24691
31504
32114
5776
26007
30672
6124
30000
7881
12096
8653
15165
17619
27342
9045
25157
29721
31268
32544
3528
8234
10338
8788
19101
26005
5802
1311
23952
11774
8162
3937
25936
23152
10677
13733
21385
26613
1755
25174
333
16996
20123
32560
25272
14715
19854
13044
7636
19501
29605
10080
2234
15933
25453
27486
21242
11276
1682
17788
24125
4272
19363
2716
2601
29253
28948
19692
30597
10376
393
30489
1694
29090
25938
10176
5353
18753
11569
24870
15849
13805
31332
24872
9043
154
10207
13685
113
2681
6362
24570
3268
13588
20619
8094
29165
4250
14133
12592
22734
17527
12385
7325
20972
26152
26219
25191
7447
12878
28481
7506
5198
23553
11880
27745
15837
26214
6208
14592
18888
15492
14984
11651
32364
31571
11812
28623
22628
8726
22046
29783
25002
7403
4076
32075
1022
23969
14577
6667
23180
30409
11590
15074
18121
27920
9145
11505
19614
13004
2838
4713
31176
468
19622
11006
23679
1941
6134
152
19797
5986
7129
19531
4194
22284
20656
10121
4510
6579
14313
23958
16526
23771
13510
28989
20259
7106
25184
10946
22495
27890
2795
16919
12089
7698
9275
31058
25667
16897
30087
15199
13450
25894
19054
4850
30525
23553
22327
3520
17298
24582
12893
24559
22118
28332
1867
23499
31524
7873
26212
4538
31719
24576
22086
11378
23779
22757
2640
23913
26369
22208
25186
28045
17865
1033
6115
17974
15493
22771
15369
1625
13987
31299
27476
30718
14172
31331
23132
31220
27795
12466
8141
12739
26880
6943
24496
6626
18829
32246
15340
16426
18944
13817
11788
18571
3291
28851
11842
2046
6784
16137
19372
19386
23449
13842
6615
8363
4791
4649
6018
12064
6457
4160
29348
32452
25456
29047
19888
14031
4097
23789
27159
11901
1674
5077
23566
25024
27016
11213
11155
7729
24440
17260
1706
31821
30524
25882
26861
30942
11201
3109
23619
17079
19167
17
14064
4260
17280
31279
31438
5025
7941
18801
14809
22858
10725
26748
9201
12947
3991
14847
8668
29369
28083
24387
8587
6777
8788
23812
30622
17279
22976
640
31274
24609
8011
18125
14521
9037
30072
4207
30098
9408
14690
6954
17467
5497
21850
28693
28989
6254
1746
9200
5927
4989
15226
20407
1237
3237
18856
30583
22770
26486
2045
21345
30396
5830
2118
12061
14343
5798
31136
21345
133
17045
30176
11713
5700
23539
15921
10953
25464
21688
11007
30281
1403
12901
21268
5616
19730
7483
11777
4636
5106
28587
13760
8433
2947
23055
19351
1961
26851
28311
25663
9770
4654
10630
16198
24798
12541
18846
11698
23743
20012
3288
11239
16817
23265
9561
21195
30485
19145
31394
25639
3739
9125
2823
30289
20823
9734
354
776
8984
29524
21256
23967
12277
21781
31228
21598
6184
2412
8035
293
3616
14560
19000
3410
6865
31071
26177
27877
31823
643
14146
21730
21147
30484
3184
28919
3772
26573
18472
7263
22546
29539
4065
8710
23528
10179
14432
18414
15176
2203
16939
10705
2835
24349
31295
9992
6737
14080
4869
26539
29381
11463
18819
15610
18372
28997
27343
24827
18248
9825
19914
22885
321
30999
5386
445
22827
7359
19736
191
13797
2962
15068
11519
25537
12394
28245
9424
23768
24009
28046
7525
27552
13853
3021
11574
23488
26946
16653
5541
11554
27465
5550
20450
32074
2168
30316
24844
6887
31377
1166
14745
30632
25432
13919
9207
27729
20559
23522
1651
782
11204
23490
31835
15367
16141
15496
2655
52
10771
19984
29245
13939
29709
1854
27038
11992
6542
27629
14394
22596
15298
3880
323
29753
21748
1437
15361
15596
5716
23630
8122
12700
21240
26506
1748
32035
7200
32284
3389
10955
29374
29890
28171
7522
12854
28129
25696
31889
6242
20854
5009
3177
3801
336
14983
9023
6513
7549
13925
12730
3586
27906
6250
4394
31085
16079
21274
3099
21981
22257
17048
21803
30285
15370
5207
24600
19275
30974
20977
20765
25851
9968
4951
30335
22110
21357
7211
99
24020
5862
26730
27362
30432
28516
27726
20063
14636
13175
2931
2584
10445
12655
2872
31996
23495
20175
1128
16573
6356
15359
6170
6949
21345
4161
27605
6573
10458
25062
12536
2892
17191
11970
15193
19597
17527
10461
27437
6628
8252
15211
28200
23618
1398
23551
7141
9191
15925
31739
29063
17784
10329
11851
28833
19793
11165
21843
25939
15644
20692
27941
22454
18338
24178
17912
11386
32482
7757
17110
14542
10336
12453
28820
19840
11200
4194
2311
32102
20371
11422
13941
8956
14449
15203
11082
26958
24136
10678
25100
23577
27635
19668
6545
17197
15631
14523
24944
19733
28170
24556
19125
19706
12924
24688
4313
4037
26043
8729
20209
3204
2474
10762
5413
29711
10193
18297
29284
25579
18611
32180
18006
16494
30043
20322
28562
31268
30521
20236
10770
17010
18988
6364
12771
29561
29920
6564
32289
12093
15194
18209
10275
31239
24529
11650
21235
21512
26048
30244
9985
5694
2873
19360
13848
5788
27772
16135
23440
22373
1480
4716
27846
17881
1905
3235
19913
19475
12339
14921
15958
14898
8646
16388
29447
19127
25522
8716
20167
17966
2149
9451
20617
2577
10371
11137
2362
30441
10365
13898
11763
2486
31845
26596
6772
9361
24065
13003
22478
19088
10526
5224
31583
21226
21030
330
29187
22363
10997
26291
2953
25034
27113
25942
23140
7466
10040
10591
15267
3486
17543
948
6948
5088
29368
10362
18436
16355
18947
14044
27993
14007
10312
28167
804
12206
18851
13177
19329
19645
20290
20092
12321
21028
10355
31981
5114
337
4609
17730
27965
6914
8129
10700
15241
19627
1128
8504
11870
3351
2975
30812
4052
11345
31322
305
18317
6853
18789
13083
2536
11171
28223
8305
1911
22148
9772
25913
12468
15440
30598
29491
25071
29535
23892
24346
2955
24286
20766
4902
10858
5493
9983
2773
9382
6950
28667
31723
24194
29305
22163
4279
7072
18646
10647
6041
116
16946
2364
19393
18424
10222
27246
6969
417
32507
25703
3622
27538
18755
31873
13131
15633
30276
25672
13774
30007
18174
24020
63
491
10512
14934
4310
21265
19742
9968
25340
11774
31861
15306
4621
21807
29170
354
6493
22587
14880
24611
21881
8199
24224
11834
10927
2873
24782
20389
29904
12015
18337
7308
9268
4016
17619
469
11263
26275
13634
4083
9635
18174
151
27646
19878
14274
7205
22281
15782
5542
13588
16304
1946
20816
17854
4592
5722
24011
6745
14652
30562
25398
2263
2252
29138
2489
24586
32313
3770
28862
21004
4679
30357
9821
24030
3073
18451
13079
31823
2572
19484
3528
5151
13877
11025
3031
31077
22348
1877
8624
31790
13621
8460
1908
19047
828
26402
5614
10493
17577
6543
28618
18498
24468
24794
19201
14227
20987
32476
28312
15416
15634
31943
14474
3979
15066
31335
16387
18524
12789
679
26574
29589
7097
2390
29969
8218
28803
30251
32312
25075
11854
24839
17967
4269
11652
25467
22484
17661
14355
9098
30124
22951
5828
31664
12756
29598
2249
25635
16955
21869
22932
344
25871
469
2288
31689
26997
29112
14666
1270
12413
24886
22607
11689
14933
30741
13757
29055
5053
20838
31858
7076
14266
9829
16842
26846
14735
8354
7975
2765
19177
5982
2513
28785
29274
15416
23809
30700
1544
31497
19000
28041
16039
4364
9173
31742
30372
8002
13799
29166
27043
15380
8512
178
2092
18491
27851
22617
13217
2781
16671
17645
30324
22776
595
12536
3222
19460
15380
12615
20531
19412
5110
32238
24220
28606
13832
31885
2437
31483
28587
16337
26736
30800
27812
8253
7785
14574
19055
21034
10228
15000
30166
7436
17732
14595
1731
6136
21677
28290
3667
3939
12636
18403
2859
30765
27206
3987
30735
5086
25950
21513
10417
10799
17163
3426
26822
31692
5593
17993
4447
21080
17007
19482
2167
20913
7105
10823
24264
28278
3974
29946
32740
11719
30445
9980
10368
4684
24459
5845
5907
23161
24728
18229
10912
29712
20572
5778
25551
18663
28132
4627
31811
18667
21241
28589
2088
21861
16979
29580
22027
29052
9737
17588
239
23547
21068
29928
26781
30293
24661
16330
1083
7399
13724
17733
17184
21628
2891
17192
28647
28950
2546
4627
18882
6636
19836
27031
18449
20143
25954
12185
15412
21009
9502
22263
17821
7560
22755
4463
19497
16975
12939
22716
29872
23471
721
4865
17371
30332
4800
22123
25397
4578
12651
4114
15493
7522
18911
4641
24412
6167
5462
19767
25834
13630
15789
14605
17941
10741
1048
12376
22477
2115
16405
17393
24985
19289
19102
18739
630
30999
10659
10148
22498
31954
4023
10712
6964
8021
1034
21907
10542
16421
18071
3886
10197
13322
17566
3132
16000
27850
12629
22893
5168
20024
5851
30642
2079
21613
29549
21665
22684
28502
14044
8732
11285
14191
13374
20781
12406
24525
23524
13365
17586
2402
20877
3142
24734
23421
13017
1485
12038
1424
8705
26740
3579
3638
26820
32326
26986
4980
18341
30228
9203
24639
17747
17688
503
31551
4713
19417
19187
4819
21847
16974
5389
27221
29344
12102
28397
11423
9543
28424
23502
18382
31619
3382
21973
13894
3002
30199
19105
22774
30125
16980
17955
18141
1009
9187
16304
13772
414
13219
15700
24686
6219
10280
16746
3463
19001
14072
13929
7289
23758
9524
19713
15116
18245
19323
103
10350
31141
4363
13549
10617
4079
8745
9429
4661
17820
26052
3943
2206
15686
30293
24129
25767
28838
8713
13551
20862
23742
13858
7867
5138
15959
6554
20166
6867
29358
31498
9816
15032
20587
5579
30069
15751
3282
21083
10673
9553
317
17922
24389
18747
25802
21941
2145
12165
20049
58
7876
18628
4761
5005
5003
28786
21195
20867
28998
22185
20262
18349
25681
14124
20981
24191
7522
423
18110
25521
16990
22328
20925
5094
24945
301
31632
26508
6749
17680
17716
9987
29202
14817
14384
2561
1152
674
18192
26165
2217
4633
4629
12586
23290
23505
25643
22895
475
5730
31771
15093
24709
29426
30210
12984
3091
28156
26882
5537
30428
7504
3383
3755
26113
8027
32237
10310
25922
4009
27664
1273
11542
9384
21731
2890
12026
23215
4341
2274
15369
20542
20306
4333
31181
14216
20726
6592
6485
302
30855
7614
1159
9294
579
17276
30136
10172
30775
20771
11642
20623
14001
28438
15029
6624
5369
32213
2298
22990
1596
802
10515
14277
18121
29282
2015
22529
27008
21573
1885
24653
22918
4521
11782
14865
9278
26044
24672
13707
8053
15201
22736
29277
16349
31190
20911
12616
13245
1171
5537
29495
5606
29301
27170
2431
19689
16411
2146
31589
27271
401
6227
25825
8041
22315
25088
12961
5906
10676
10528
24401
20497
29128
26347
5658
17531
3711
22060
24168
30360
28492
1432
13553
13789
5412
25694
13811
12314
12002
31999
15548
8949
21738
21088
7280
16791
10252
4894
22023
8869
22444
5921
28565
19058
21280
23412
20686
9587
10842
28755
18633
1779
25031
3462
8452
7
15734
16622
25001
8901
18301
27486
11023
1457
5529
32684
18564
7032
4628
14343
24650
13025
19436
13706
25823
13056
4657
15890
11137
26541
24239
3149
19442
29236
21453
26132
11641
12878
20917
27899
25897
15184
26293
23846
18789
10659
7909
11870
24228
27764
30475
19299
370
22444
30395
21380
29112
4643
13763
6766
9020
13328
20678
23106
30571
10693
4390
19434
17495
11929
19495
6572
19708
29733
15698
24575
3783
18867
24600
12446
2137
22515
3256
19420
23944
17648
23651
1079
31910
21571
6301
47
10502
22406
14822
20057
3773
780
14746
32687
17318
31439
15126
15402
22953
11178
20508
1427
26172
17609
23673
7318
9001
25949
23780
15384
3218
21140
5418
7882
8243
18888
27016
766
8680
17143
26456
8378
2415
14195
16625
17931
32110
16602
16584
3484
32696
9289
30683
25479
11980
7629
11087
19563
16543
26
17751
8895
6811
31872
19801
15974
10983
10010
11084
14979
26345
2889
14949
19854
4873
25696
28402
26536
14264
20129
4998
2859
26545
1129
24918
4998
15231
31655
30691
24136
9792
30610
30681
2682
1960
25244
17719
16946
8009
1185
13489
16997
17681
26981
10323
5373
2836
2877
24422
12587
11403
5644
32151
30207
28189
22129
3414
13110
21342
10559
381
13395
19862
32558
31282
497
18371
18640
20750
19799
13281
24262
12415
14925
32104
14899
14954
31534
1303
4465
533
29503
2544
11523
23877
21311
9092
2251
20643
25663
12656
5501
7012
29876
25640
11860
9769
7115
17139
5892
22820
18172
21303
5615
7549
17890
17655
32411
3572
18506
18586
16484
6855
650
29166
19822
9430
27668
19564
28126
21509
19530
1214
21322
11490
2452
19326
109
10632
28336
21825
22816
22979
23114
7124
28294
20084
3277
17605
23430
21559
2168
20773
17790
16708
14260
31373
21813
23187
19877
24927
15378
5188
5375
28750
6540
12605
8475
6433
21730
1557
5450
20147
16140
25393
30313
24639
4337
27180
15029
6618
6618
21116
3041
20033
12839
24915
28518
11733
17985
6340
18715
3812
3535
25127
27653
2858
17197
14270
11632
5784
28441
4505
11838
29524
7344
6582
20096
9984
2458
27501
32579
21823
9857
25099
26284
9077
31687
15038
2632
2511
18040
3505
29597
13700
24957
25207
773
24666
20243
25517
25788
16747
30332
30171
23607
31529
27124
13724
22967
10912
18663
8447
3615
31739
4705
28716
28930
26698
31686
24907
27905
130
8131
31649
9812
27077
6532
3580
4006
28388
24616
27730
16678
19235
30322
12453
17883
4668
17089
809
21303
22950
9026
11689
7920
1814
4708
32295
18187
26695
28556
15555
58
30711
16395
14558
32359
29746
31821
12670
19345
10706
15698
7412
215
6471
24162
5053
5586
22676
26365
25255
14888
22170
20754
2100
27998
25497
32625
8515
18670
8948
30849
2285
12442
18996
14646
12206
23807
20816
13374
28101
29805
30764
20859
21725
9718
17759
438
17644
31429
25145
14994
18524
20914
30725
28350
31593
14611
29323
22127
714
6868
19417
7182
21907
28362
17731
16685
24154
26436
12713
20416
14232
19427
13560
11146
1875
30380
7411
6101
15866
10076
14132
17766
15505
8443
18541
31920
9741
17844
2292
14408
24578
9444
19071
17305
1659
12145
11052
12761
22313
1629
31172
16700
22465
6043
12096
32359
15263
32033
8588
15399
19631
21054
21388
13155
23437
29486
1629
24399
31467
23276
28637
27107
2612
4935
14957
15500
21358
27448
12789
2337
16485
26483
16937
24344
27398
8508
10763
8442
3337
1916
2225
28180
4819
13844
10057
21616
21914
22385
9306
24323
16586
17504
25677
21544
26279
22052
27435
14413
18484
7879
936
26860
21588
31661
22369
25534
25136
13935
23650
3627
10968
10214
15339
4356
1581
4485
5748
7284
28414
8428
18670
10292
4721
20923
5964
1023
28325
8612
24642
19526
17557
19141
15948
5924
24896
30772
14835
28052
519
10459
29004
25826
22614
13446
22721
27743
28806
10042
30995
9049
2
26313
20128
19274
24233
22179
11746
10832
12148
28143
20793
29149
31833
29658
29674
32176
18799
22063
7783
32516
25426
20009
2001
26631
27849
18309
12475
11149
28582
15834
6961
9478
29934
1069
17400
15533
26682
10944
16664
7171
19037
30508
10648
1660
30535
8879
10889
10872
810
21191
27974
32372
29403
13049
32386
21370
16138
18785
24054
30037
8206
15571
355
19978
6210
27519
21702
17900
10684
24053
20992
29864
15748
2280
19338
4393
25580
23601
20324
6328
28452
17174
13902
29032
7177
31181
13115
2993
15678
23612
30467
18267
7294
4611
15448
8093
1584
15292
20475
25223
13116
1409
26927
30621
1310
17071
26223
31173
18489
30442
16988
10339
28781
28770
21753
29634
1003
22356
13594
10422
10312
22227
19994
32639
1489
17096
32205
4593
29983
24376
20149
31954
10987
11461
8825
12420
22051
24184
24722
13539
25660
23741
32072
25713
24523
31151
27869
25265
7503
14998
22280
20944
10833
23214
7845
2954
12976
27435
4522
24908
20534
13433
21853
10134
30830
15560
25284
4260
31930
6088
10077
6733
20640
25521
7696
4907
2661
6023
29794
31484
20957
1692
4075
16968
12673
15702
2058
11589
32194
6962
26583
24055
18077
19977
19545
18843
1904
4755
13050
7494
2316
24105
3127
21962
10763
21967
26268
3801
356
13937
17904
19821
3900
4717
31405
18790
28671
2130
3507
31349
17840
22247
5180
27706
19325
29296
19
7593
18327
32556
16385
28594
20288
21794
17544
26401
4390
28958
15572
17859
6639
30454
8175
16074
18197
10513
22068
19058
23540
31018
5894
23781
27937
5714
20162
1116
5630
7220
8433
12936
11403
18333
23235
13616
26495
21564
27065
8731
10904
26534
10913
14896
27951
11676
9415
2012
28431
2449
1386
15540
12167
359
28525
4700
23230
17786
29519
12967
8519
31199
17245
27391
11765
9454
30758
12040
11761
26365
31024
11904
7945
24431
24041
618
22603
25326
23264
13675
211
26356
3893
11124
26849
18064
17999
11425
31023
17511
460
5985
11393
28153
24510
32216
18301
17445
12564
12929
17085
19695
21590
2072
6947
29314
10390
18615
31852
21361
11427
10303
31240
26690
7807
13817
18985
8749
12051
4477
14107
26401
7714
26323
15059
3848
21116
30169
30922
17996
17012
10468
2572
31130
16531
32426
20363
12006
142
19296
16058
28591
26742
5407
23639
10372
559
3980
22920
8647
8483
31416
1834
30129
4151
26949
4966
10134
23551
12747
17797
16490
3373
3961
11269
5253
26448
13824
28908
5795
32699
23724
18524
23599
16578
1236
11624
14017
11565
32629
24870
1765
30694
30234
24581
11294
17397
31487
16737
13866
8366
25717
13653
15240
5673
30600
5329
31032
22003
9696
14316
8130
25603
25317
1659
29049
19440
21543
30434
5633
13921
24828
28458
18191
29380
25963
15444
14960
18755
3144
5101
27981
10483
5281
21475
13485
1615
1625
29847
14139
32230
6675
24883
13386
3920
22609
10814
15382
1126
13277
18030
15692
22707
9065
21949
3021
13605
32370
6846
17583
21512
8554
7730
13189
24885
7445
12503
7393
10887
30004
16256
4631
13455
12897
11626
12867
1929
19258
10446
31885
18574
10433
11699
6059
29451
18947
11014
12968
18033
19192
32236
25316
15406
21163
14167
9053
6621
11418
24536
22828
29625
4448
11700
339
13144
25233
24889
27573
30358
24038
15186
10086
23247
2970
16986
1061
2129
27667
18734
19751
4624
10437
27782
8471
32156
19540
31365
2906
1873
17912
30862
17047
30413
15398
15194
12407
6056
29293
17735
9897
10847
18078
24307
25898
24976
2351
7690
21955
16237
13537
20060
8403
26475
18849
28979
32590
14394
20140
18147
28166
16890
16375
5794
9769
27820
27342
10394
32523
25318
32187
9789
7462
5323
20393
21721
4704
26427
8777
24172
21388
25415
25525
7353
10034
31208
13140
6811
29075
12272
11773
16282
488
17984
17759
22972
17643
12860
9888
31133
152
31356
29764
21698
32053
19396
22353
8747
16272
23095
11184
9511
14472
25287
19415
23149
3534
24816
16293
31591
24557
19622
21133
19409
12680
29836
21751
25987
21475
18534
3299
30347
31910
10193
6608
9599
26845
2354
20444
4114
12610
3308
20012
6116
13247
20694
21646
29087
13871
6124
7261
10815
9829
6724
14502
5809
7023
4420
16776
24992
31771
21523
20193
11148
28347
6221
1575
28956
30246
11003
16275
11189
24575
13762
1669
24651
26682
25690
31012
4215
13787
32322
19268
16842
5377
18610
28814
3938
4644
17618
12762
31162
23195
7721
12768
26822
1633
23896
9488
5184
12056
13064
16574
17981
30798
28449
9602
11267
27904
30780
18655
10526
22108
22364
8738
24753
28619
11224
7821
26891
7215
7068
8373
23930
105
5010
3881
16996
10015
27738
13908
28563
4540
18241
421
29905
23224
14193
20461
11445
19737
2917
26376
29116
5434
19104
19135
10651
28363
15263
31469
6868
29721
1548
23777
16520
29327
17716
21508
4236
26749
7867
19899
26559
4121
12686
17551
4250
7108
28954
32396
6152
1934
16572
2790
25720
9211
25464
17123
17201
15880
5101
20980
24550
2153
22664
2341
23179
10773
26617
440
28519
5636
12771
21261
25961
4151
24536
24518
14015
1018
25220
32296
10149
3942
24360
32707
16251
26665
4427
23637
22555
32138
29868
1004
14185
31655
19322
7243
26412
5121
21703
11663
16156
12091
18235
530
21819
27679
25605
15760
18537
4066
13847
28552
6451
19369
20883
9445
1261
31563
10112
15582
5888
16729
16834
1307
25732
9308
31561
24857
9746
4445
2184
207
9171
26539
25641
27282
10205
29144
29695
23606
27328
28677
31292
18294
11867
5983
9956
28053
31477
10986
23937
24134
12937
4478
793
24010
28256
3343
26717
30296
23269
30513
9251
14529
1462
9946
29206
28756
20983
25450
27052
19967
1771
2282
8537
20152
11461
16785
4611
24859
11195
30861
20149
3669
24925
27136
25751
10816
8229
29768
30494
20175
19791
3715
27776
9901
4330
2130
15979
19233
19504
30430
17142
14645
18963
29465
472
8727
24088
3399
27095
6847
25960
6588
31364
28370
24101
15079
13862
6855
2298
19599
28660
12616
18678
5213
19079
12251
13722
23451
31374
1729
4912
22075
8644
22558
9567
31515
22047
12891
4093
12679
10570
18889
14884
30720
17494
30087
26504
26683
27565
29605
31751
15469
32583
14473
7554
14790
19232
19858
10220
9275
15337
764
10144
8073
19453
30980
19960
8567
15512
17484
5147
22875
28483
12672
22
12511
29587
27706
16431
18949
7443
3363
4213
7785
13695
21340
7836
9159
7987
3356
24584
6588
31714
29594
3624
25809
11147
32301
15621
6837
14249
28849
16411
9162
32427
10542
20839
5603
13219
28852
11969
11341
1602
21385
8556
268
1796
17543
9196
27494
7080
4031
6679
10150
6115
24674
20335
11290
20053
24034
12207
20318
11708
9300
28068
9180
15976
7193
3134
11412
5103
29885
32231
20249
1825
18207
19987
9948
19518
8914
2329
7597
14695
2756
22081
28031
20819
9501
30750
28524
26179
8810
10014
23545
26936
8187
31327
24730
14691
2441
21188
11897
2013
15901
31817
26227
9112
31788
31123
1635
16790
22791
11724
15268
5464
18291
22701
16081
19866
29075
6364
7375
18749
27151
26745
4366
6277
30831
18419
21771
7812
1224
2849
2330
26326
26267
31886
6754
911
6906
19220
18985
1906
9708
30124
14930
28772
8979
10628
8995
5664
18828
18002
5708
28971
26391
31977
29477
19979
5752
15369
28728
16564
13597
24444
24063
27715
23552
21854
1775
29422
24527
11709
20661
8763
7243
18530
703
12145
3822
5357
22014
6220
1232
6440
12778
31733
24523
12693
15047
49
14045
16457
5415
5849
21967
15869
689
14218
24596
24931
15392
24989
6900
20662
11407
31322
8938
4501
29171
23400
4170
11025
18153
9608
20262
11781
14770
11140
11891
6054
21627
2401
27240
16986
6882
15324
13863
22734
183
19477
2207
32578
15871
25477
12465
10024
9279
23605
29841
16622
22775
8498
16496
16408
6508
29500
10328
9617
27562
26046
16727
1091
24778
10243
5599
13285
19569
28326
14701
9748
5529
4426
16233
4518
1172
12428
6477
26683
12877
30774
8202
18964
31954
20917
19624
27689
9487
6862
25644
9333
31196
13452
6846
4245
13371
32381
29195
2705
26842
4638
22249
24570
13024
21139
16953
32565
31718
9371
24850
3862
1346
25284
2076
9393
5772
25051
30265
2924
30043
6567
10859
21337
2640
17879
20722
6595
22358
4920
2996
16391
8999
11563
6626
1189
32275
16215
8921
12951
1021
16283
10310
23266
32678
5190
25486
19562
21294
27275
4717
15882
18903
20783
30429
24292
14093
27525
3641
16630
1699
20636
17314
20975
8800
27319
8610
22080
20666
27389
18191
6773
28897
9586
9010
20166
14335
26918
15657
16617
21438
10413
2698
26667
5644
1742
6473
30655
3611
7039
4316
27478
12971
1298
20124
16880
395
6569
8559
23281
14429
19695
26788
10615
2715
7690
6686
12779
30935
8651
29621
1494
11591
32040
23513
12790
384
25581
13688
21138
4482
28590
11042
16906
32757
25344
13676
5554
20402
11497
24722
23776
30341
16532
5472
22084
3377
5449
26962
3960
16565
25245
14842
8920
26830
27878
6050
1940
26557
30194
17203
10244
14154
9721
17237
12859
18185
207
21720
22238
4060
15198
14931
27191
185
1364
12042
7045
10414
6937
277
13974
16930
13316
5823
9112
861
8398
25389
6445
22603
11847
3648
13501
27004
8263
21435
27920
5232
22760
23977
4892
14610
32754
7673
21787
130
16023
27500
30689
279
25441
26033
14957
25509
616
25806
6078
28155
26056
30657
23272
5808
25170
13927
14694
1568
25730
27294
26546
10417
18865
21670
23571
13915
22924
3790
13238
21351
29637
21580
28161
11894
17929
12140
29220
16326
7729
21229
4849
3505
11452
8871
1261
6774
19325
12146
31399
24380
7313
10820
23368
30804
5524
4761
18284
26303
19220
9240
24624
2800
4166
18291
1164
15570
16120
2703
30948
9485
15303
25573
11481
15238
2706
17704
4965
3876
1839
16679
16679
15066
5724
18678
17659
11234
25336
17480
28366
7494
31603
2336
30897
27813
25475
30377
17963
11316
28184
14177
11732
5635
29587
28285
287
17538
14386
21642
18040
21571
5839
1872
22927
21249
17355
4347
26099
8162
15429
27261
28642
8441
13711
32046
24416
29199
8418
26549
16774
28835
5968
2604
13341
18735
16891
7551
12139
27053
4741
23061
8781
32090
24519
29107
5254
21946
15046
24733
17239
25820
4066
23038
27728
11487
26705
21385
14949
18613
24524
29793
2372
29223
8840
27446
29414
10521
1896
28593
23396
24592
6769
29459
28429
20977
11134
17433
18101
25868
13621
10786
9807
16216
12345
15251
2495
28672
9889
29563
29673
21023
7082
19059
13326
3272
7080
22217
5464
21578
2115
14301
11443
20658
29919
20682
14559
19857
10076
5705
18627
5887
4352
29651
7173
10207
21425
3078
29143
3429
10088
22602
14868
9174
13282
27572
23691
4239
12953
23851
2715
7497
27890
7369
20224
22683
27320
14467
20460
8128
25801
21517
30553
30107
20495
22520
30110
19192
5298
7198
21057
7189
17804
4415
32525
1889
27614
11756
8548
16771
15169
8868
1494
2718
16863
6462
29170
2260
26850
902
18523
11273
22829
15659
13087
32489
6218
1241
18501
2348
29092
4258
23717
10008
32759
16802
30973
31304
27396
15075
9536
22445
11657
24446
32305
22226
30576
31747
18737
26212
71
7963
31317
2545
24048
25964
24764
9456
13210
15549
27936
30466
19696
25179
18090
11639
31119
8379
8715
11796
15550
4192
3784
32531
9561
24575
11989
28780
25103
26594
3174
27219
26062
3210
514
1282
12410
13464
26841
19896
4069
21998
343
23810
27900
24081
18937
8761
31038
31185
14432
2124
20595
45
2212
22463
25242
1137
5866
31220
14883
21409
30521
426
29278
24858
16265
7363
29236
26231
14365
21322
16149
15026
26131
14260
31793
9355
9274
27750
27115
11310
15907
8824
31114
12304
16763
30137
18738
16666
31127
18931
7188
2569
18769
3440
8929
17941
22291
1212
10372
2768
16177
941
30480
26962
16508
14241
2295
10899
5908
26375
23166
11032
31101
18977
28525
6610
27637
24839
24843
7747
24069
27376
2121
10722
18007
25261
6206
30913
12487
9334
15571
1389
29372
8425
4544
29717
31161
16720
1463
14575
26671
24867
32222
32216
29846
206
19843
2875
16059
5555
22028
14387
3932
7027
25388
9716
13810
19049
5981
19047
30926
6008
31882
3604
19303
24839
3339
325
16115
27977
18647
27752
24884
7618
10997
16310
32149
31751
4916
9746
29813
965
30748
16180
7363
19972
29988
17670
25547
429
2342
8270
8015
11594
6415
12430
17882
28174
2779
19240
337
2069
3265
13766
20427
21484
23722
8185
9890
9556
9192
24609
19403
3907
15141
30604
22882
10540
27289
8674
8073
14720
31361
29632
22643
26997
10188
19619
25276
26118
20759
8200
30204
4667
28635
22993
1435
11946
12773
25067
17895
6718
18183
814
1891
4151
14094
14724
23650
1906
21491
11086
15573
5867
7254
20995
7266
896
8743
5658
9910
23288
18855
25131
5659
16451
29839
29009
22605
19715
28046
23762
30089
11340
10233
11522
28136
21160
10175
29028
235
30559
9627
9235
4951
13045
17293
23648
10051
26355
25994
5309
6767
21227
627
2010
7895
31414
324
26893
8584
16896
30350
31735
5043
24839
22055
20325
18944
5791
27935
8052
26148
15226
14327
8953
32438
6822
26894
18463
31038
13143
13148
9298
19088
18407
11618
7004
4440
24091
24673
462
16117
5288
22475
16034
17035
29173
17655
12318
27219
4131
2840
22524
28470
19019
18288
4807
24219
20230
10689
24200
22141
15411
12549
29858
18368
10228
8286
15099
12997
15098
16464
20572
4668
16387
16430
14363
26681
19616
19410
26871
8586
26428
10641
17219
17225
20058
29807
12871
5805
17694
18062
31971
18213
2319
26605
2421
9896
21787
21839
6397
3142
5596
13176
15743
260
13081
671
4009
12006
4752
9761
26550
17997
14322
5235
7570
19843
9776
17242
5183
3733
26101
9310
5239
5985
21875
17788
14995
32751
9571
27163
31659
27397
10055
12353
1535
29941
20723
5639
149
1210
6475
29514
28196
13123
4686
15268
14129
15631
25684
7322
8056
12794
3731
19479
10893
22359
4328
6938
13251
28734
25301
8363
15693
24615
23494
4371
15011
23480
28824
5452
23080
7132
27227
14007
4617
18197
31319
13069
29800
1299
20302
19608
3770
28805
4097
27299
22637
23343
24309
7727
29902
6205
19319
24295
19499
16599
21470
5206
16436
9973
23824
16216
32679
27253
17224
22478
15661
25707
26646
12950
19839
23736
24999
955
28876
15838
12102
20712
19295
15122
5923
26659
20861
7315
4435
11959
10892
9787
25625
23666
20347
19539
21860
30481
26717
10924
5528
8697
11607
29163
18321
5672
20157
16165
18918
22122
10360
4524
9578
29648
17579
21288
17657
30302
29078
9705
23153
15876
28346
28027
5374
28624
30013
17787
3227
17249
8081
23210
1749
17567
29777
23104
30930
23977
6251
27523
27283
15631
27780
26519
8054
27714
6552
17304
10239
10824
20705
24806
16599
24244
17147
14272
8981
14550
4677
4117
10685
20271
17546
15510
28806
21287
30689
3088
20449
11523
24273
25849
23094
5137
18361
16201
15985
30501
13167
28811
13245
18761
16168
32307
21135
1713
26008
27186
32487
1517
23386
11720
18387
26978
2705
22169
24628
17659
29136
31236
5316
19484
27191
29360
25432
7128
6367
7271
5987
30051
3961
552
4028
31946
24625
12919
4513
20449
10457
11768
19707
2429
22851
9276
30179
1252
14574
29403
5990
30082
28645
6851
901
9950
5861
8143
1152
30924
4798
1692
13141
27619
16123
25752
6019
21041
11205
13915
29715
30766
29445
28731
26073
23023
26825
32026
14072
14492
10985
8067
2980
9252
21482
26870
19500
19759
21794
15231
28727
13141
15389
2445
3917
909
26432
18434
23194
15080
28076
18055
25583
24959
15974
25122
22026
29097
15028
17930
535
16242
20426
11962
26231
29769
21413
25412
4799
29433
10552
22760
3332
14299
28614
13541
7254
2377
16783
8335
7306
3157
17838
9122
16189
4539
6466
30934
24085
12053
21452
4275
16970
30798
10968
13991
1381
27993
30944
3158
28488
28707
11117
20273
30063
22214
23679
7242
16245
28159
6959
9830
21722
32738
10131
4692
22531
13004
9698
28030
29314
21658
3288
29374
22168
26136
21340
4467
31224
31420
8545
27347
28110
16533
2058
14723
30720
17534
1297
22373
20916
18071
21865
21937
12050
13046
23330
23367
29771
4761
6798
15683
15322
2207
4770
1490
4618
12216
29854
23877
2488
27611
32497
2404
3674
1079
32598
30469
5952
6507
16452
477
8218
19449
25989
28309
2747
9976
31780
19232
19996
8970
16781
10573
5796
21902
26096
26520
15270
8215
19942
31814
11820
29724
5975
30385
17651
32497
26011
10976
2486
20981
14559
15194
27567
23310
21707
30012
31580
16722
31330
12938
4991
31239
31017
14019
4968
10702
23435
14776
3702
9755
12924
5277
5340
10984
17501
17761
31137
6315
8991
15419
14827
20101
28076
10118
27004
29884
16514
12750
18557
19307
6561
26155
26234
20856
13224
11981
30383
22471
7227
8665
14722
21677
2471
4212
8016
2984
13257
3100
2156
23885
13356
22079
18021
21377
12657
28166
17032
15852
23028
12402
28070
29355
29100
16043
23832
1861
30547
7829
14591
5601
9415
18851
24528
25270
20145
7664
25361
30146
26468
25996
16733
31935
10504
26643
430
2387
10999
14981
5084
32647
26215
16721
6752
18554
28234
6323
350
7511
24178
22336
1763
32388
17913
24256
6251
11036
4320
12091
10662
11424
13558
28759
26747
19177
9723
9441
29262
31841
21766
15529
28286
9843
16164
30867
12850
16960
20290
21739
20822
14740
5965
28153
16608
4120
9367
4821
28248
11465
29565
31357
28823
22440
17991
20261
13775
16307
25423
974
21195
7445
32358
10266
22392
17306
20851
11871
19621
14693
10333
22522
16135
9701
25643
15334
31616
11525
14698
7053
24736
2723
11727
31197
26989
580
6430
10399
21855
30470
11594
16388
4527
16342
18910
13441
18386
3042
7835
32477
13632
27473
24931
2697
12409
20530
6998
24111
32586
7091
20794
12941
25164
2964
2848
27524
31151
7131
32580
10092
26421
12488
25654
22699
20865
7435
11831
7558
11410
22581
15334
18999
27531
31085
13852
22847
32693
19044
10004
13821
18630
1675
3279
5504
23140
6787
27318
20890
15077
30676
7810
31285
32601
20707
31833
4330
26826
20766
30265
8912
26306
9594
21146
13458
8974
26911
13903
13509
31426
19041
1454
26744
2173
31731
24816
1548
9198
18007
16347
29254
31383
19865
28830
21410
9681
24381
32252
28650
25105
23670
16556
2056
19305
5273
8192
9753
17234
9168
17862
4546
25512
10771
18796
24263
8950
28244
5735
18905
3572
16890
4564
22448
14926
14481
17248
27226
22183
1984
1382
16595
31710
9083
88
5333
9104
27257
30048
19185
26590
30441
7239
26847
28784
26465
6293
17939
12473
13335
18938
10896
23421
25683
31724
20481
12177
14372
14482
30982
483
6739
17121
4812
10426
28309
31749
5344
11326
4100
14338
4933
24634
5072
17819
14020
19233
9266
11635
3971
32335
1954
27762
30169
17298
10314
11626
28001
17385
12218
17914
15949
2955
2781
31411
14589
3883
27180
20090
22481
5755
4641
24877
13115
12271
4079
8586
31768
4547
9840
22092
28736
3135
1887
17046
32091
28986
11463
27029
1527
5341
26299
13666
31960
19369
29000
1317
19087
2491
9896
26240
12623
1871
8632
32299
8955
3716
25773
25563
15747
22111
22530
30057
24945
3857
13748
25904
5823
893
13490
1975
13292
29685
2191
9360
31567
3652
2427
20095
8874
9970
6257
1759
30978
6083
5042
12354
7854
26497
28529
5208
943
7931
18128
274
8255
28494
30987
16646
7084
3427
9971
29462
21863
26297
9375
1356
1112
4965
13150
22281
24693
10583
6127
18015
2707
21726
24821
11451
9852
23151
29093
3783
23361
26018
9410
910
11730
18813
7115
5858
27083
5621
3699
11002
3217
9906
11857
7520
26270
3859
29401
13067
26393
1906
24971
4039
17834
16297
9834
15582
32396
15060
4272
753
21732
6233
18368
6951
20305
28198
19548
31626
25284
6202
6680
17069
16274
8551
32014
1682
29895
10582
28628
2764
23998
27595
5547
8673
3566
19754
9465
15858
12039
4155
22010
29854
1342
6442
10674
31267
3556
25042
7462
22470
27710
826
7371
24950
6289
30816
19519
11948
1404
32310
30263
6805
12170
13547
14521
3955
19208
26219
16779
8513
1044
5673
12011
15253
1271
15900
26752
26315
14005
23815
1169
26720
28642
14846
3445
17052
1462
294
15178
22388
29540
7612
30186
12974
2984
30041
13083
16198
26783
26740
1286
27665
3548
15400
27883
928
28856
20791
17938
15207
23273
19536
23813
15902
23383
5005
1788
13672
14635
17728
19865
5811
7464
3055
725
14175
25918
29597
20795
27682
22108
9291
7252
14251
8327
9663
17762
19589
26921
4228
10320
26175
20395
20530
25834
15818
8261
23280
18506
7458
10517
566
27282
22064
25967
16600
21729
8432
29557
10816
17279
9423
2023
24314
22619
12631
21564
10871
20920
27149
4849
11786
6435
27034
11809
15671
16040
8234
13398
20269
13381
28946
3999
10641
23967
21429
13026
10365
18420
31656
12660
18377
7761
19476
29927
20873
11781
6748
1315
21974
3925
1024
5816
20434
18033
23490
21363
7142
28839
29191
4400
9038
20951
15487
27374
24792
22055
8456
28713
8936
23543
26576
24164
11968
23064
6330
6405
10494
13880
18436
21349
26470
24481
5670
8488
4066
548
26365
24778
10439
25935
5160
13435
32346
19431
7859
32045
403
26514
9202
3051
1057
13523
6576
32108
30125
21307
5514
29672
1635
11742
9109
9002
21167
2053
28743
25319
31812
16930
18836
15182
21603
27401
15191
8160
31578
29020
19188
19586
6475
2375
5691
30928
5166
6766
22928
21941
26393
18980
8521
2360
32447
30174
10840
7321
16184
12775
13866
4253
5888
8277
21967
3110
17217
13371
28762
22790
10581
13600
2187
8981
27014
5808
1451
11650
3865
30898
952
29286
396
25402
28354
24735
6939
4896
28053
11227
2185
27312
24472
25331
22044
23203
29173
16507
19946
22351
4090
27031
2899
11802
12992
3855
26575
20276
21514
9382
9450
24454
2159
8872
30604
9957
1212
1475
22654
11916
4756
279
15914
9161
14425
5776
9122
21238
6224
2420
228
20139
19199
24376
6237
5938
14554
25240
15787
22075
14111
23783
31143
721
27647
31139
12195
397
15870
2124
10224
5386
21148
4214
9124
12952
24629
27678
23961
3893
22310
23610
7353
30905
9777
19347
15225
20304
7715
13271
18596
13101
14515
22762
9562
14973
18094
20094
17496
17306
18769
31715
28282
14210
31478
4640
12413
20615
19188
10306
22026
14664
20672
29172
5616
6111
31320
17488
21426
22876
31201
23797
6721
20851
13966
8026
13322
625
17605
15458
1075
8564
10621
30768
1314
10972
27883
572
4160
6909
16477
5030
21244
7958
15206
18379
5394
21127
29755
25367
13325
23614
30557
31770
30730
115
25208
15069
9664
31381
9867
8822
29117
13188
13642
6362
14578
10240
7617
8435
8818
4962
23609
31474
3703
12937
24927
7911
30374
13080
5283
17806
9108
8927
21983
29548
23432
29590
16953
14875
28291
26321
16458
9187
17277
30256
6016
32138
19186
3030
5824
29292
31389
7965
3664
11982
13956
2440
8437
31855
19252
10234
12376
3424
23886
7205
26798
26902
29250
16964
12184
12222
30299
12045
31304
10192
25596
18913
20198
18919
28713
22343
30002
16080
24648
1944
6762
992
27945
24060
27758
10635
22341
916
28706
24627
4163
23289
5908
18238
7617
26598
22623
12907
6480
24369
20687
22886
29120
29440
11845
9626
20895
12089
27229
4678
20220
31290
6223
21203
18544
3531
18963
13157
4960
31824
20681
26544
24444
5700
23639
15373
29579
17378
15956
23756
10091
10021
21541
10188
16211
6643
23653
15434
3164
23701
15243
15607
30272
2155
29638
30797
21089
6878
21548
27426
11277
11413
8980
20862
25088
10476
18368
14762
15658
6562
14144
19849
25779
23249
10386
17963
21309
19236
21518
15776
12649
19524
16898
21258
14748
10131
27801
21750
2307
11037
14593
26093
468
4812
3020
20293
8919
4571
31895
30269
30758
4236
27882
10058
2353
29214
1632
11179
26628
30457
25608
23875
17869
3885
27402
11432
12440
12570
5774
19832
24158
2160
15065
31980
10558
4443
953
5807
8458
29687
12836
27632
22021
13322
23836
4278
16619
2290
14805
4979
27698
29148
12058
21213
17040
23095
14317
26105
9917
25193
22894
19064
14458
8384
12286
19783
27346
28331
22435
24930
20384
5674
13230
22761
15441
29571
22940
13429
11243
24375
9019
31916
590
29748
11278
23059
5307
1612
15857
24356
7058
23782
28928
14497
29024
1523
694
14375
17176
21796
10322
27910
5537
25434
24703
16208
17553
8799
2099
16688
24121
22739
14040
10877
225
6761
9642
12943
7508
4179
9824
15442
17056
9722
27918
2200
22295
28147
12618
25268
25241
21294
27278
31556
19990
27249
11229
25934
15438
30725
25257
27023
24539
32176
31989
9231
29298
25827
15031
8185
12646
6451
11904
26026
877
9997
12638
12040
11175
12966
19970
13845
11740
23346
26398
20932
18438
24150
7441
21771
9487
4063
14022
25657
11483
31156
4569
13450
5513
14345
24060
27128
6646
26070
10138
1877
31107
11656
30138
9367
9497
20982
32549
24435
15722
17302
15051
14893
18041
5617
20323
23726
13404
26964
9810
27607
13632
7369
9678
27413
23727
23621
22083
23605
5134
24355
30453
4474
29802
27345
17896
26093
28020
28106
32509
20469
24009
18116
22109
551
119
3114
29210
3679
21437
26572
10004
16144
23827
23254
32026
6872
28266
32254
15954
18008
20661
4610
5595
14402
30632
29778
432
29619
8896
19465
7120
15556
3971
802
32412
31580
8457
24553
18560
16456
8379
21167
725
8333
31835
19394
28678
23292
9541
11677
1266
31752
29940
12123
4498
29653
15047
17266
23772
21137
22277
22173
14311
7943
1824
31514
19535
31601
18230
21526
10715
3214
27869
21862
22365
22261
24352
11127
27354
1705
4037
24456
27883
21741
6610
3094
2915
90
10575
13720
24370
2862
4172
7021
18826
13287
11558
5395
11328
23569
1543
20377
372
20828
15788
32599
5748
11505
17771
23004
28126
15622
28788
27688
3333
11440
19543
8476
14486
24057
25286
3118
25724
10803
18588
19553
23296
31884
7711
7029
24373
31458
25730
23898
20115
12504
19631
17387
1506
28969
25411
23257
3418
24892
15833
4069
20488
25337
3467
2899
25203
20700
15030
27803
7296
16455
28158
16225
2707
15901
10898
15527
31223
14732
23985
11330
9344
4394
1902
31370
16238
30276
24752
22102
29077
6770
8828
27432
29883
23407
21111
2980
26178
24872
14502
24647
2823
25107
25209
28245
2697
450
22280
2835
25934
32184
24732
3895
10882
7291
3953
24221
12514
4843
22970
6203
22232
21457
31974
599
3559
32187
1058
1783
13642
23304
6175
21658
2008
10303
31765
30501
8491
5285
23560
32032
24065
12558
20554
32034
7138
16627
14913
3978
7172
8645
24170
4208
3435
15489
24478
15836
596
13701
32660
1589
21716
20130
18600
6908
16061
12146
1242
7098
10433
2027
9754
27958
29914
16693
963
4332
18409
12473
4453
4283
5789
379
29383
21214
31126
18345
4396
27165
3274
29300
5590
13892
24104
4126
28105
26837
12156
6228
15057
16890
3987
12479
21958
6589
3743
8150
17935
2427
4572
25078
21093
18838
2676
5300
3801
5995
5025
11378
3097
14212
15377
10288
3055
26638
32398
14245
24330
22413
11742
1934
20481
29646
22504
10311
16277
9501
25625
17048
22071
18873
28934
3793
28362
1413
13651
16921
7849
14848
26579
26115
32492
14967
29424
20066
6887
4218
30542
8543
10228
25740
25003
9672
27251
24350
6154
19371
27662
5567
528
8996
26434
22669
28846
13683
3098
29679
10496
29777
574
14982
5749
13189
19501
27488
26673
24754
28615
18543
7599
28019
2062
28986
18091
8105
9261
21971
31295
15380
6074
22025
18764
16161
8248
24798
12315
6147
992
10300
19268
6661
3489
15587
21455
6175
2661
9894
9882
24263
11158
19671
23290
9
29408
17152
11429
9690
2873
19923
15568
24234
13087
13412
28308
6200
7201
12694
25238
15530
25505
6611
21991
9693
2264
2305
26665
23290
1051
11441
3316
19530
25436
32409
11384
331
4083
836
14179
27907
8607
24840
12805
23700
25287
25401
31409
13329
27142
15772
20327
28048
27879
9246
22193
3712
12269
2758
12235
1853
14295
8681
19974
12514
8225
25245
9070
23903
15054
16239
24235
11723
23909
19801
16421
8955
32570
30958
19052
7251
3310
7128
20950
14556
5433
1668
12138
20119
13031
21020
6908
27665
22561
3766
28826
6200
24302
8651
25895
17517
762
26858
28230
9434
10389
29869
24954
25350
5374
28653
3723
24230
31714
1842
22827
28855
1568
25709
5593
25801
13775
4842
11782
7326
19330
24448
20342
4595
4298
2315
10986
10910
11261
21788
1532
4825
24886
23790
9290
4574
25757
9884
19414
3252
8681
24210
26797
11080
7459
17729
5063
21439
20652
9496
303
28683
11393
25775
6499
12732
6846
2373
16894
18457
11617
15724
6548
15472
22865
12291
10974
26794
25247
24421
23319
15394
24075
9440
6053
17080
27594
5225
1788
8737
3974
1165
16576
385
18855
21163
20777
3899
21969
14177
2988
6407
12973
16196
28888
27206
22253
15316
11134
25747
14218
16559
26900
1691
848
260
4443
21806
14237
8523
8512
23190
29286
20787
11520
12327
9594
16860
19856
17943
3851
19527
32060
23952
7018
23563
10126
26884
5138
29257
28785
18113
16360
21729
30358
2501
22721
15846
5399
17619
31269
8016
26715
3014
27987
20209
6713
7974
30340
11947
14688
30201
1908
9439
8182
6619
31519
31016
11647
2385
16072
26954
22529
5211
3136
2661
22629
26440
6501
19055
30241
14286
24809
9696
13844
18522
26709
26031
28849
13733
10061
31102
4960
17032
29717
16914
4385
5649
6484
24581
18035
8150
31000
23231
21620
5769
24859
13218
14153
17613
29765
14725
7104
6216
19825
12388
14388
9978
16244
8533
11442
7885
22107
26302
11865
21357
32245
18630
519
24153
29074
15881
2610
1339
22793
9360
27667
23157
14080
1792
4106
19452
3175
16913
318
5225
21830
7746
28804
16973
17081
12748
24194
18885
22072
7892
12564
21583
16924
484
14318
17116
13151
9372
25731
5671
26788
18597
14630
12612
14967
7911
13167
10876
30933
16124
13793
7768
16879
13028
13513
14588
13867
27386
10857
27062
11628
11814
5718
29911
20883
23125
3103
22466
16966
2342
5423
13122
9712
27878
27125
12321
19464
31167
17986
4598
17559
12076
23794
27710
4340
5552
11982
11694
20946
17608
18609
30152
5757
1310
11498
26797
12641
25343
27618
30002
13772
17679
12287
16693
757
23356
16583
12338
60
31216
16713
14353
28339
13707
11704
30786
29662
21008
23642
18188
16823
23326
1440
10530
32757
30755
6039
26488
23182
20684
22655
14164
22907
5568
7352
10408
26043
397
5094
20127
8090
26082
29005
22134
27187
6400
29565
141
20532
22379
3892
12222
9697
28133
16768
749
3164
16284
19748
11488
14883
31907
26429
32337
11482
7327
5925
22082
10315
29123
19864
27793
9899
26622
30485
10956
7710
17522
3463
1862
16254
31017
27941
5739
4696
24835
28823
18000
4664
30707
6234
30863
12583
25451
16741
28241
25457
24341
12045
15020
6316
25028
27686
12080
17909
3754
18283
30396
25981
18123
28448
21142
3909
28337
28661
11707
3877
15458
6958
31348
7187
8591
6145
3626
5282
9742
9279
28539
25801
18059
18487
19086
30950
11130
472
32675
25090
19535
11029
32750
3927
21234
8078
27813
16655
21357
25964
11352
6223
11240
23948
27265
26740
8408
16097
13660
11677
2419
24851
11768
19561
8295
6764
32398
32514
19659
13557
2835
4954
30550
16092
4105
24244
16335
14873
9114
2663
9924
28497
19687
7646
32639
26619
9630
27108
15926
21441
14794
14622
30338
23849
6640
27097
7698
12660
21335
21767
26529
16327
17063
9859
18981
29576
29878
2717
2122
28171
2462
21714
19486
878
19987
987
11022
32449
32499
18154
9745
29034
27423
26672
31267
4552
26506
16546
21749
27927
18831
6397
16867
28820
23432
7175
25382
3553
32668
15896
19275
32426
29912
15834
2787
27529
29313
8781
18045
31271
3497
23054
26833
1701
7425
24536
17726
3130
3822
2123
15991
285
26079
23788
17785
10661
20189
10350
17600
9902
1636
6192
19386
17216
32625
5894
3708
17771
220
17724
3508
18037
11496
12760
31454
22072
10009
14624
11451
28101
19525
11356
14335
30029
12526
9949
74
24898
22991
13374
21850
10937
25269
11242
28799
10003
1936
26078
26191
732
17354
11441
24730
25587
31703
4305
13473
30443
25870
271
10626
27570
8119
19550
759
9584
14181
28887
9280
8626
32134
23553
24414
23240
29240
80
17538
10603
12126
25579
1477
27044
2547
3250
17177
26345
23967
28032
21120
21384
13960
14509
22652
20297
19819
15320
17606
16718
2539
10467
1858
2367
32553
28734
4403
19364
5780
4201
30380
23954
23811
32436
17479
5002
9729
3402
23832
30622
31079
29293
29924
10965
32561
21763
31375
30161
23946
594
1748
19631
15657
12552
9017
18991
26592
30078
32065
26133
13682
19261
23011
27343
15014
22466
23867
28247
28313
19070
31360
21083
14936
32289
8246
3996
9902
16152
29860
20628
7227
23380
13961
8027
27078
24398
5643
10955
1237
9288
6640
26339
14458
5077
25872
3177
13935
17563
28682
15315
15973
21592
2871
18280
20378
8995
15580
26787
6314
21493
20388
25816
6567
13927
9549
25881
11371
32189
8609
1371
26413
26916
16808
24277
3411
16696
13084
4521
647
20169
29
4550
29709
11999
8998
15117
11348
10235
5952
28851
17611
25760
14453
19430
10741
14098
2184
7603
9664
19038
11235
18471
25619
25754
13009
12980
9638
7790
749
24023
5398
13268
29915
23032
29241
21019
31285
9618
1967
1842
24520
13971
7865
13859
1
13062
25934
13534
31138
7407
31340
30520
16057
30070
5293
27443
4051
6984
30490
27264
14189
26683
10307
25922
6571
21041
8080
10773
27725
4926
23762
28495
10974
7437
7709
390
6958
23423
10202
15186
30211
2710
21272
10835
2060
9106
22051
1398
24342
9561
31576
22645
22402
15388
14903
2205
7671
3128
26298
5844
31060
9306
27365
17114
28905
23271
16031
29647
8934
6811
4544
2550
24339
25200
23659
32184
22978
31937
18846
28652
2819
12719
12295
3925
3606
30916
3354
30572
5414
28118
13920
27744
17716
3374
13586
6236
3665
31466
32742
11784
21520
22944
1833
5202
31291
29764
18190
32622
10693
16204
21574
6939
25088
29969
5840
10793
10768
20857
10003
16184
30368
12499
298
29378
6099
5634
639
14940
17277
23518
26011
17720
3988
5591
12348
495
28897
25564
18344
12669
4603
15739
8002
11149
5750
30793
13659
14328
7768
3460
21066
8584
7628
25335
15807
26113
23835
6942
24148
10082
13527
12427
30565
17000
23130
24712
31010
11860
20591
10494
5858
2542
20558
23957
6075
31178
16078
6173
5455
15306
470
2093
7400
5092
18964
26121
26312
30245
9458
3273
6074
4598
27334
32696
16621
8863
23881
24315
4610
10505
2635
3955
29028
29384
18085
6628
28376
4696
21870
1366
17493
11431
3954
12475
22805
16340
7903
28627
31468
18231
9026
28493
16857
24737
20914
9263
20955
22245
25931
19063
28421
13719
29663
14082
6101
18963
31463
174
6594
13761
14528
17596
21524
30104
9748
2680
7416
737
9110
2587
31956
28990
12274
23280
13272
11754
14851
19638
15830
17474
25415
28742
18515
19333
18065
4981
20190
25048
5886
13372
20896
22669
11050
12054
23093
30116
18596
11434
17082
28306
17311
4778
29479
66
18154
31739
2271
18522
22562
31766
7302
17343
27686
12718
6675
5723
8139
27795
24358
30
26833
27350
5019
9026
21270
28974
28767
32724
7690
17050
26754
18544
20067
15176
26766
29772
2066
4790
8216
12919
17525
2327
2452
8803
14542
1016
9326
30114
244
24099
5462
24301
25160
28355
8411
29290
15083
3018
13371
23343
28974
2960
28793
2562
30538
2492
27569
16738
14162
29544
7337
8908
31589
7808
9384
8503
9768
28779
27531
31969
20339
22510
16917
11341
6475
7757
32391
22156
20753
21427
18288
17085
12536
23251
199
24784
21949
22480
3895
20367
15506
1626
26042
990
23899
15131
4457
30017
13596
5201
14227
29600
21682
7612
14860
2631
18370
27578
30151
5169
26608
29105
20391
25990
28753
6061
915
11874
25890
21322
27081
31448
9146
18389
9844
29751
11965
12718
30592
18315
2707
8432
5293
21863
15896
18260
21986
3810
19349
23891
5061
9184
13808
25227
30344
26259
26143
15716
9989
2113
1250
32243
5646
4935
7346
18463
19966
18014
6132
10498
660
13597
28531
23442
21250
20927
7437
16512
29248
17447
9901
3424
10662
12833
21881
30475
27066
23787
27980
23361
23879
14324
30822
11667
12975
23779
31586
11136
3969
219
9577
7135
25166
20221
20646
7549
1721
19503
26361
18694
28622
10268
32496
10793
19605
8060
17651
21495
23270
21398
1214
5260
23678
15107
26389
3058
25171
4020
14258
10818
25125
24119
18307
22796
19030
6709
16146
21497
2043
23616
30021
29871
13107
11467
7751
30197
21944
122
26310
29208
32691
18845
20319
8333
7893
17143
23638
5847
19363
22467
28043
4268
273
19705
21161
851
29267
4045
28577
80
29424
19832
1367
11075
9496
14396
29338
18190
25143
7586
346
7734
4554
12807
5141
19084
25202
13654
18323
8204
6470
21783
23763
16133
27502
28585
32581
4474
5614
7371
15162
14280
10175
8034
14488
10378
12836
9334
3538
1978
21307
29565
16151
31001
20178
29660
15818
29136
10621
11179
31795
19799
31205
7096
26996
10646
25699
7375
27070
20042
29902
8761
7876
9131
19089
1411
5232
31820
19200
16257
9685
13890
19948
12945
11878
30600
30836
27172
23397
2466
14879
29563
12702
6273
8232
13231
6996
22695
29465
24308
4732
22667
21147
29982
15145
319
17293
26469
584
2640
25683
19301
5261
25838
15217
16233
16813
25164
21592
25576
8142
6474
7807
3664
827
20306
17078
6403
7773
26751
25272
29855
24039
8965
30463
24195
21840
8653
16092
24719
20358
2655
30406
32298
22497
14853
18675
12938
20309
22061
11301
9264
25069
15376
9415
12721
28788
5009
7224
15292
17013
2408
16999
20569
5223
29823
11680
7023
22049
27292
11429
16521
11668
2113
32513
473
4536
28625
26521
22654
4551
17395
19844
25090
7338
8507
24348
18215
23728
23304
27477
32739
31622
32680
25934
6313
25188
26563
17958
23786
19076
21750
16657
2780
12760
25534
32171
29818
2044
21656
19596
12748
10090
28774
2588
18536
28397
3093
9128
27705
3928
28541
29366
15743
24951
9096
25238
10263
22598
27543
5178
18429
25441
28193
29768
30479
21948
20637
30572
26643
9364
19107
28915
29436
4773
29774
14230
30313
7070
21476
3219
29295
13266
28345
30979
16536
12336
24912
5479
3371
27253
17092
28548
30126
30112
22374
625
28842
30374
22184
29934
25262
30056
18490
4599
1174
14818
15474
12185
32525
2469
25585
30725
24401
22919
19076
18659
18743
18329
14664
7400
2670
29017
1042
13227
29447
31273
17933
27572
5941
22016
20901
726
24146
11360
22436
12480
803
26504
2459
20430
26973
17386
15236
2085
27752
29663
18597
12542
2914
11162
16312
23618
5735
10586
6728
16472
16656
3556
862
29754
15929
6449
29021
12751
18696
8036
5931
4725
16171
18943
28817
31196
12384
31061
28133
8987
1851
23107
742
1021
12068
1051
7399
31388
23455
13025
17456
31026
21712
29114
27809
9259
27966
18849
14744
5759
1239
18524
14613
16446
15668
29614
23068
4973
17183
31951
8795
29456
20818
18457
26381
6280
20610
7428
3358
25375
14492
4692
5264
17890
5967
2705
29469
18351
24522
21688
542
18830
26567
17712
939
1860
13768
23295
772
1574
1184
17726
5167
26156
8246
23754
14051
18758
32646
26173
24741
17651
16360
12317
29233
4623
26005
24915
7195
28396
1383
3038
30390
26533
15328
22472
20789
30895
5486
23129
31760
16305
19437
28044
4778
11926
32110
7103
2096
29920
16439
29614
31684
4927
14347
22690
6107
19810
4267
8934
227
28173
412
9339
5930
4460
16171
26124
4091
27047
31919
12324
10762
12726
25614
13471
273
17015
9858
27743
17596
32253
2717
32064
22211
1323
7051
15437
5205
27522
23960
8244
20157
23864
11249
14327
14144
27530
9135
31205
16964
29523
16401
32457
17848
20956
3081
32097
22191
23542
3323
6673
10830
19270
19137
24281
32233
5601
6386
28549
19049
25625
1380
20003
18161
6294
4079
17338
32449
7848
3956
16697
32346
29403
26654
19630
23522
6604
30440
20152
7883
31036
22112
21567
19120
18275
24746
6242
4479
1158
4807
27313
28893
13004
13592
17821
16070
16462
27933
10540
26996
22381
7299
3570
28291
2408
12638
1084
19794
1838
19379
21390
30892
23664
23609
11856
2984
24827
8288
19908
17869
21573
8083
2619
4730
22341
3514
17289
8069
14472
14084
11702
18211
18050
22755
22006
20744
7202
3160
29659
20175
7081
9584
23242
6043
3003
11279
8108
9983
2742
20972
18149
25371
19524
2525
3722
3592
21804
9301
10446
26231
10606
5418
31422
15252
8334
18076
13103
30769
21552
7572
19956
26912
23781
4905
22356
17120
20805
1896
955
10877
15166
12629
28591
17841
30635
20525
7174
5711
13352
494
31318
9441
32549
25369
7598
16016
7738
23479
25475
19013
7866
15770
10477
30990
21643
6117
24596
21955
15157
25551
6628
30697
27960
28323
22537
24022
9635
9483
15127
12822
32738
9103
24840
14
27096
12377
2028
7135
31790
571
18652
16782
11498
30963
32560
12129
4163
10925
12274
16268
7091
27337
1426
17676
8015
11743
13274
12244
26964
28416
22565
15399
18434
31295
10700
12613
23981
16496
3810
29513
31505
6192
26913
27730
29670
4134
12067
4321
8628
13960
9686
898
2281
31200
20010
7087
21545
1808
23308
21489
6629
18579
17304
25416
8239
27399
17802
1485
4812
2792
27638
14486
24459
28575
28218
27866
11478
30651
31536
30293
7815
6782
17576
14574
23805
8859
24341
22936
4718
1598
18822
30326
21118
77
12760
10818
8209
20205
18730
24303
1374
15177
15506
13197
29254
20111
9742
31086
21731
22586
2494
3207
8291
10647
13136
2840
13847
10882
1979
12432
25799
11121
7984
22443
29257
6325
15181
26589
25425
29436
28053
12787
30091
12569
541
32760
32743
28424
647
23637
11573
3628
25908
21565
17649
10972
15542
14664
30304
2846
31620
9822
23004
27314
8178
19415
7275
18515
23648
18144
2455
6201
4017
2081
26490
32738
8703
3485
22809
32530
6540
29657
15091
10777
31740
8768
11737
22868
20418
5830
17407
29174
20953
5324
1108
11272
13236
15171
14351
31151
30071
17941
13962
29614
12391
32448
9044
28459
26015
8260
21122
8374
9478
12864
18245
28807
8317
8024
194
25607
32605
2777
2333
16531
1568
10656
31447
19324
26206
8760
28763
19282
19196
14402
4563
11874
29856
18202
13632
31357
31335
20407
17610
27131
731
7635
24404
23040
2335
18508
26452
28158
621
4299
29666
3195
30659
26275
22543
6421
26584
4348
13431
4035
1365
17456
18202
25949
9538
9845
28007
20831
29118
1981
3226
25834
13556
20698
21576
4875
20554
28134
3896
3648
13275
14306
30325
7992
27176
8605
15009
22747
3082
11223
14220
19850
12524
25767
1542
10664
12086
30234
24561
22361
16652
2077
2714
3977
24889
31133
15177
31793
29798
13548
10774
20437
4752
9063
18175
30290
1209
1110
17720
17110
19165
11027
28866
16176
15911
26735
575
74
9061
9041
25861
9203
16826
25760
9073
23522
20882
23139
28029
10744
22491
5671
28053
12742
16755
2721
24487
17231
21212
3221
7802
783
16439
23287
6976
21308
368
29263
29550
25163
14006
12130
6347
694
12590
1294
16327
12285
29672
18806
2063
25835
16658
24159
4958
10010
1899
14554
32406
27577
17403
3108
28943
14733
11266
7114
13871
11318
13102
30992
5435
15540
16912
12180
23404
29481
12497
9519
19526
26080
23073
12572
27685
10639
23153
11868
22809
5849
20322
3416
9715
2327
11133
10441
27552
31320
29220
25045
1206
8358
28616
18298
10061
28812
16989
19760
20752
10453
17931
21706
14740
19349
14887
3998
16104
10350
12897
31461
109
23564
10303
31589
7143
26866
16586
23629
16597
19833
6791
13664
3582
15125
14248
31829
27981
21211
22660
17790
25054
2880
23109
30633
31833
8996
28128
30532
27007
17935
15179
3268
20226
17850
17642
2631
27290
3281
8010
29815
10069
12023
20753
12978
7471
14859
28469
2665
12002
11433
18797
27078
14847
13812
15077
17810
3390
8851
29494
3669
6418
6906
19349
191
3713
5867
31818
21830
24627
10812
18021
4881
22985
3802
26028
2581
16752
4110
24279
14462
14261
15103
32256
8016
18843
30841
6485
19022
26858
29676
27664
3867
16075
29624
7593
18335
3218
1703
18761
2988
3803
10939
6531
11745
5848
20779
19519
32719
19945
25512
13046
8539
22381
12004
805
24419
17625
22101
2811
26021
4103
13623
7765
18396
4048
20688
20461
9771
6876
16375
19150
28863
19641
11223
24588
3761
8491
19953
7345
27689
22979
3936
31738
13257
25011
11617
2500
14153
9185
1810
2369
19294
1850
30842
29679
6881
1353
26314
25803
13613
3848
25058
17346
23497
13302
32535
17768
21319
